pearson:0.4528175743668618
spearman:0.3925591729018072
mae:0.20799863533333335
mse:0.06225022412942544
r2:-0.18151448874207654