pearson:0.395769462160014
spearman:0.29484267788905066
mae:0.16077548821212118
mse:0.03759480844718155
r2:0.03337564148710315