pearson:0.8640741761310141
spearman:0.8574355310105352
mae:0.16787710789939395
mse:0.03300317330375952
r2:0.15143413302779707