pearson:0.3813456445401504
spearman:0.43310602456581
mae:0.20840085393939392
mse:0.054376722094426976
r2:-0.39811496011226666